10000001518
10000005627
10000005677
10000007348
10000008413
10000010057
855533904
905798068
560352076
432387118
858031042
465733260
1104052272
721300118
816050631
51634086
893541810
905790317
929832018
837473143
1121007100
39472204
651342020
651519727
1068248805
651500850
651587526
893525259
72349851
931588272
651533377
1059563056
64111150
923673186
560350904
1097737239
252264968
52827317
893552439
906959540
651530362
906876719
469319830
651298793
652584069
1015076468
750436909
905785437
614591562
651538585
475006892
1097816990
750942121
10000019520
1088192558
892014591
19672484
1170416980
461919407
8156992
54162485
654737804
1082065539
54526535
671640339
16676972
1082068321
462091989
6447729
803775077
946447707
7376771
1087826150
915474613
1171295108
7827989
812750719
246905945
780737686
1087786606
1132599958
933456090
7347502
600682939
508102492
5388041
654421780
1087856974
271035135
84926348
909112847
749449286
1170737859
320723856
503988277
9548891
312860381
977167725
21384613
936980401
555726580
2147056
934114124
938460908
320622991
76758419
320621817
81370861
1088186316
976542725
320622968
621865583
218801099
85114435
164577071
610503991
76758429
76968753
85114432
1014584710
43406883
25052077
844683736
14055914
311075108
909331817
910001667
910001671
1087840975
1081789799
909198142
250273928
703821472
7354200
935810737
890591169
799423490
18399397
898673141
973035966
1014710510
174236638
174236635
174236636
85651239
174236644
794643793
1194315091
234326078
79901790
1194179423
962423826
234326431
82014194
234326430
83621995
442839958
54367265
671866068
993675833
78022300
1194146759
79212828
1194027831
993679038
993679484
83712521
234331215
239412801
39192495
77863855
234328152
1194305441
894405111
234320644
10000015976
27024309
609496298
1194029452
1194374759
993679568
234343565
869421591
993679569
1194021410
234328148
10000015930
10000009818
926216858
1171865559
234354121
1014834963
10000015609
19244998
798019309
927022788
1171031778
934209635
7354183
21134842
1194199768
2148808
993679043
2153878
1084478944
1114917839
80614645
926195766
1169828948
81510005
255340444
56712758
10000014089
78152722
234340760
22406830
992513301
10000014106
909103493
38794171
43034821
1124265600
1042937755
976744537
10000013620
85472667
7351715
1170112474
926155590
84319769
85478261
823768981
504012399
504012303
504012317
504012359
504012371
504012179
503864104
504012390
504012352
504012273
504012198
504012427
504012331
504012414
504012212
504012383
504012230
504012439
504012245
504012255
504012282
643443309
504012144
504012291
504012338
562665214
504505101
164630913
17181717
503912912
562884615
164015498
563106428
504115925
504012399
557321124
892239251
748988826
503986715
503986724
234136961
504096861
503986859
320284226
504116644
560220123
63448151
163400466
562757812
926270046
561861606
83419507
562061555
282082659
560410248
560466916
503909433
563102432
504098095
250380369
561972218
503732143
503804608
504505320
558704820
557727510
559030311
560766009
562440312
74278101
502037701
562927926
561731686
503986737
945918098
504521056
560315983
504115597
503986818
504115820
936238324
504084879
504589026
504540658
562061480
562061430
562737681
504351735
697989597
1141331557
946037158
976932957
1114115240
1006398335
150616952
1017429092
561355317
560574975
917116581
933084625
503882941
504259627
797111485
504340035
504115480
249861608
504096891
561733190
504505215
250825086
504115771
750788594
558823742
504116061
561792974
503931554
504310143
504286034
503891988
504286005
504097985
504583364
558020010
1063026798
561585118
503792967
503968874
503892005
503892019
504626403
559658164
945905381
504012303
504115417
558825249
504538870
562927915
562665358
504782525
560749149
1128351678
473168751
504494230
504583073
504012317
504084921
504351777
503892037
504116102
504099880
504448614
504286280
563860063
557790893
562061423
504521044
503829460
936224990
559213201
558019929
560516287
560516310
561136953
504012359
504235560
504286139
561060057
561355353
560394392
558019821
878041459
186862285
246788353
562758810
562757821
503968886
503921605
1120863044
557661921
156745024
504115695
504115566
504345528
556611488
504012371
557727651
558811738
760274511
503892067
504367411
503691917
557626129
560966778
503750052
504605277
562665202
504771885
562737686
504235143
558068434
504240506
558054759
504240515
558054770
504240678
558823311
561609289
561861586
945910192
945910106
504771905
503796773
944033180
504505330
601627988
504812243
320361293
504812926
504788842
504110437
504115144
266059405
504374627
560766041
504812936
503702590
563827472
563827491
558021588
557790996
503732155
557673807
558020212
163779407
558825270
558825284
945928726
504318586
504538794
945922345
561473159
504084855
1169904990
1072375358
1039783445
876497193
469828875
901301074
185776933
878374665
504623394
504449569
463077942
752365847
504233809
246811601
1127290445
562061589
794653653
504286079
504114651
503808391
503738705
561861544
561731108
504240313
504282542
503909417
561861617
504115196
561183087
558805666
560451400
561222518
504563834
753208213
504540642
885208727
721020489
504582029
504563861
558701772
760272870
558019921
561731674
1170365591
557737764
503829276
557460343
560328158
504827635
504505203
559707387
560363753
557771522
560328233
504838032
504285971
504115157
504286304
503808364
558825328
503986895
941702608
504505350
562440523
561221441
877525658
504282507
260033790
873279916
557790839
504012179
558927627
563106466
214974272
504115961
559959453
654630992
561136356
557427741
1062251308
561861594
504283300
557673668
504115531
504448633
504143538
504538376
503829462
503732150
562440333
504286054
504285907
641791584
972428952
876162745
504556650
504351593
504850379
560363738
503855189
557064751
504233569
561405783
604339811
504240549
504318318
559658088
561277140
504115811
703548297
503807652
560966902
821837353
557673770
871540784
562061518
504838046
504540651
504559401
883420724
503986837
504115381
504779009
1128345655
317694140
558706830
561924369
560749060
902530299
504650736
558009152
978076717
558021527
1128322187
30006492
504538839
504538830
504477799
560332211
246814122
503909487
503692225
504115491
504115742
504115520
504115947
504116014
561861624
558021659
561861552
504771926
504351855
1170026065
503931565
651890346
504294218
562665326
41355924
557677353
744674710
637596736
462194611
503864104
504012390
504367426
752900881
558022489
504351895
945907950
562061535
504674461
503792312
559940250
561971110
504285950
504782364
561578676
504371851
463500553
945921032
558021609
504325688
560809760
560809740
561377577
926249429
558021624
504110537
561929235
561924324
560809676
560966850
255713565
562665253
504580644
557626144
504494197
641956813
504540670
504115866
562925657
504271619
557427719
230747820
559030293
504372046
504012352
504244687
504583590
561617413
503829422
1153563911
562925768
857906847
504240708
260117066
504286188
504520090
557727580
561157116
504115166
494093478
561015885
558082606
504240653
503854666
923431349
760272871
656146753
504583347
561155190
504115208
559119841
1097265175
503702601
557751893
557661846
504286229
504099811
504215296
563492093
557878473
504240621
504448577
560352076
561175793
561861601
504099844
504540634
504294231
560431274
504012273
503613701
504515606
752906063
558020898
560432390
561731697
251419841
734033222
78630521
557427764
123481735
504120323
560463378
503831504
561015767
504237171
560332244
466127090
504099903
504096654
562440336
633216864
1170226256
926211901
504235419
40812925
504583613
504838058
504838071
645814896
557706732
23944659
559940266
561861678
558706839
945932648
561015670
944033568
504588992
559030411
504318456
562737689
504829725
923105491
504115355
895643241
559173151
504505223
504588981
504110504
504115191
503902583
503699874
504286238
560328202
4655640
70828324
504351964
557727504
558860028
561609339
561976376
504569217
504110481
692319
504115656
67227858
581805198
504588967
1096794768
561174869
504309999
504827974
504116111
503892077
504012198
504448657
808201478
656077121
1192446540
504448504
504448523
504493982
503909472
504631625
504505294
754429151
63468815
934274552
557992065
559940276
557427826
560350041
750859936
164625319
503846266
834404435
503909445
560363863
560890521
1061887317
60993621
832268652
229697766
251882267
503854737
561861560
560809698
562061573
503870885
504375380
503808349
504569125
504782550
504782542
504505189
558022474
558841240
558860041
561609325
557722321
977044156
559596536
504351787
806146535
561792920
560394476
560363767
504116664
560238743
504733216
557222605
503890309
561792911
557600518
504325699
504505382
504569251
15966059
562665229
504240701
945178971
504215318
558703707
504448649
504650727
560569548
556611469
503988277
872556283
561277065
561277126
503968834
504351746
561929323
504286106
503986878
504573795
504352020
3900438
559030637
504372008
560568990
503702596
503914108
503938016
250208380
504282624
504609039
503909514
560394444
504099919
504505368
557727499
558836433
558836442
1061888000
561609297
1170411859
557737304
560718811
504110523
504110604
503738700
561971100
504012427
504351864
504310099
504099858
85416115
562061563
561674780
558019882
504116046
504012859
504084890
504096872
504099801
504110423
504110552
504110562
504115453
504116674
504240444
504282635
504285986
504286095
504310111
504351828
504448558
504493992
504505081
504505152
504521068
504562214
504626394
504782210
504782438
504782568
504782606
504838008
557677566
557677743
559030447
560220097
560350017
560458617
560718310
562925748
562927859
562927946
945929064
819405060
908061294
620150215
183129433
1101132866
164660325
64170773
503691909
503891962
504012331
504012414
504071102
504084869
504110396
504110430
504115268
504115500
504115553
504115828
504115904
504116022
504285879
504286155
504286191
504318511
504325692
504325711
504351911
504367072
504448538
504505268
504562203
504588973
504606398
504717917
504782534
504811302
557673726
557673744
557677383
557677554
557727479
558009057
558022442
560432313
560574985
560749038
560766033
560795524
560797087
561136891
561275913
561276063
561276077
561629569
561629601
561730777
561730939
561731720
561972205
562061455
562757828
562758822
562758860
562925807
562927772
749035064
749035068
752751634
753006460
945928992
945929039
9298950
1084616565
644097528
1096841804
503909497
503931619
503931670
503968897
503986759
504012212
504012383
504012710
504115437
504115717
504116627
504286250
504310040
504340029
504351839
504351903
504493969
504582105
504782338
504812398
504838019
557673731
557673797
557677370
557677417
557677446
557727527
557737288
558703308
560220139
560432449
560516264
560749119
560797074
560876024
561060062
561064540
561136380
561473298
561609317
561629616
561730890
561730899
561731030
561731645
561861564
561972079
562061495
562440413
562665245
562725033
562725039
562925762
563123952
751633843
752901024
912356818
934898117
945929018
806184770
828983461
503785159
503831532
503854584
503854621
503909392
503914033
503968826
503986414
504012230
504054550
504110494
504110619
504115778
504115882
504116001
504116092
504259593
504261700
504285927
504285957
504310122
504325726
504351712
504351804
504351816
504351995
504367487
504372320
504573834
504782218
504782273
504837978
557428438
557673757
557677738
557727559
558009068
558020884
558022383
558022395
559030366
559708443
559738186
559801611
560220155
560431144
560488593
560516326
560718279
560809781
560995230
561275887
561377536
561474822
561929146
561970956
561972132
561972143
562061512
562440358
562665288
562725020
562729126
562925828
562927817
563492088
749051377
774988250
774998732
774998755
958226939
503792980
503804526
503829399
503891924
503892100
503902603
503909405
503931678
503986705
503986845
503986869
504061816
504115369
504115751
504116029
504116653
504240082
504286176
504367235
504372055
504493963
504563825
504583583
504782455
504825917
557427724
557673785
557677668
557751880
558019523
558020812
558022431
558748267
559940321
560187228
560350904
560363879
560431234
560796534
561629588
561629607
561778926
561778993
561861530
561884730
561924351
561970981
561972112
561972164
561972248
562050606
562061526
562725026
562925759
749035073
749044013
560021361
1063211292
1082997093
185557192
500067060
503765463
503771273
503846244
503890285
503890295
503986339
504012719
504098115
504099781
504110595
504115613
504115795
504115839
504115984
504115992
504178432
504194200
504235476
504281964
504294239
504310084
504351937
504367447
504372037
504505182
504521081
504569179
504782320
504782616
557677680
557677814
557677826
557737281
557881469
558748273
559030382
559984884
560220191
560410219
560432350
560432382
561473178
561629715
561629733
561730946
561731637
561861642
561971060
562061408
562665237
562925820
562925826
752738238
792881632
945929019
946037238
30802884
982270161
1064416131
503829493
503892060
503931593
503986696
504012439
504110450
504110464
504115223
504115663
504115763
504115857
504115911
504282561
504285898
504286216
504310006
504351988
504371923
504448599
504466738
504493945
504505092
504538853
504569143
504581803
504782201
504782463
504782473
504782559
504838077
557421527
557597323
557677500
557677759
557677782
557677799
557727616
557737262
558009118
558022407
559030267
559030424
560020868
560219110
560220109
560220217
560220223
560394532
560432252
560432287
560796556
560809686
561015803
561183024
561275845
561473229
561609284
561629659
561731043
561731077
561731603
561779005
561779036
561780079
561901724
561972089
561972183
561985968
562050596
562061438
562061545
562757838
562927873
753200535
950775223
992776880
1128366485
657619303
779726266
779726301
503829411
503854628
503891909
503894839
503931529
503931606
503931632
503931636
504012245
504012255
504012282
504096836
504115547
504115688
504116635
504318845
504318861
504325723
504351718
504367382
504367392
504505033
504520023
504569128
504569234
504582095
504782347
504782389
504838052
557384273
557427738
557427772
557427780
557428399
557673684
557673708
557673792
557677399
557677454
557677518
557727643
558022449
558022467
559940291
560220081
560394413
560432273
561730787
561731005
561861506
561865174
561970934
561971053
562061594
562927849
750454275
756185905
759571067
774998554
926065308
1062265155
503829359
503931646
503968845
503986517
504012144
504071092
504098086
504115255
504115674
504115788
504116118
504226338
504240091
504240099
504240111
504259581
504271601
504286012
504286268
504309973
504325668
504325735
504351974
504367506
504367516
504371933
504493917
504493931
504505115
504505246
504538847
504569190
504626635
504782281
504837960
557677469
557677837
557727565
558020852
559604436
559747498
560328191
560432327
560718834
560809706
560988014
561069464
561609341
561629625
561731016
561731714
561731735
561778936
562061580
562440271
562758820
562927959
753223221
756185904
758948392
771881876
947253225
806185791
977035199
503738689
503785192
503831433
503854687
503884965
503891973
503894858
503921621
503931692
504012291
504012338
504098072
504098125
504101956
504110577
504115626
504116077
504286123
504310052
504351697
504351769
504351922
504505235
504538878
504562270
504717908
504727521
504782405
504782484
504782624
504827653
504829672
504837967
504838039
557427791
557427802
557427810
557428431
557460356
557727490
557790942
558022423
559985160
560220150
560220215
560332202
560363843
560431170
560432369
560432410
560516246
560605729
560966866
561473204
561473313
561609302
561609309
561629582
561730910
561778835
561865186
561970924
563106451
925504535
927015641
934110227
945929016
945929021
829005634
829692001
558967449
560718128
49882062
504068411
559957050
862747459
504235206
561155256
560315838
560315866
560315878
560416692
504345463
562616846
84999
451155
85574255
725150909
699145439
724960058
724499616
724922436
724477659
724929819
725132652
725307293
724755498
1185287017
732358671
724990340
723888351
724997479
724395587
69359965
724988777
719256055
724988000
1185167985
1185192926
725122685
1185302366
1186042641
725122135
251779169
724865472
724877951
1185119743
725058444
724395644
724857002
724327350
724494317
724623335
724996132
250230387
1185208705
724911514
724326604
1185037586
724546528
724792433
72494684
72498716
724987688
1185028075
246912714
250479571
724685299
724396397
72111799
72423072
72434764
724395549
724711399
724623376
724811228
721446617
724957746
252994498
72111797
72476298
73087350
725299016
724791131
724146090
1185117236
73003984
73003973
73003981
73003985
73003975
73003986
73003979
73003974
73003972
73003980
73003970
73003982
73003968
73003977
73003976
724740099
724915777
724468944
799351704
1185824190
719250105
249739493
724589333
724468426
724952846
444672032
724752691
724395670
724719844
724948777
724396031
724297124
724327673
1185301985
1185216410
724325088
724327525
251414261
724296725
252258587
724297429
721420051
724855948
724755294
245910060
721523543
1185098046
724957812
72434784
725065604
724405335
724973601
1185185918
725157301
721466268
72428257
724671420
230751752
721466157
721466300
724969148
724972430
72761557
917605810
163069621
1166891388
721466186
72498714
73561602
85508005
73055085
724687540
724864404
724914680
72511287
725131839
163188890
721466261
724396752
72498715
724656558
72368816
724495343
253936670
72428256
724770888
74513239
76752119
162339796
310620691
724873355
724937904
76752117
73055087
721466206
